# LES-Lab02

## Correlações

### Correlação popularidade:

|       | stars    | dit      | cbo      | lcom     |
|-------|----------|----------|----------|----------|
| stars | 1.000000 | 0.081059 | -0.053872| -0.007743|
| dit   | 0.081059 | 1.000000 | 0.061617 | 0.005451 |
| cbo   | -0.053872| 0.061617 | 1.000000 | 0.148668 |
| lcom  | -0.007743| 0.005451 | 0.148668 | 1.000000 |

### Correlação idade:

|       | age      | dit      | cbo      | lcom     |
|-------|----------|----------|----------|----------|
| age   | 1.000000 | 0.034615 | 0.067805 | 0.022683 |
| dit   | 0.034615 | 1.000000 | 0.061617 | 0.005451 |
| cbo   | 0.067805 | 0.061617 | 1.000000 | 0.148668 |
| lcom  | 0.022683 | 0.005451 | 0.148668 | 1.000000 |

### Correlação atividade:

|         | releases | dit      | cbo      | lcom     |
|---------|----------|----------|----------|----------|
| releases| 1.000000 | 0.125211 | 0.161193 |-0.021593 |
| dit     | 0.125211 | 1.000000 | 0.061617 | 0.005451 |
| cbo     | 0.161193 | 0.061617 | 1.000000 | 0.148668 |
| lcom    |-0.021593 | 0.005451 | 0.148668 | 1.000000 |

### Correlação tamanho:

|       | loc      | dit      | cbo      | lcom     |
|-------|----------|----------|----------|----------|
| loc   | 1.000000 | 0.421729 | 0.136233 | 0.029911 |
| dit   | 0.421729 | 1.000000 | 0.061617 | 0.005451 |
| cbo   | 0.136233 | 0.061617 | 1.000000 | 0.148668 |
| lcom  | 0.029911 | 0.005451 | 0.148668 | 1.000000 |
