# LES-Lab02

## Correlações

### Correlação popularidade:

|       | stars     | dit      | cbo       | lcom      |
| ----- | --------- | -------- | --------- | --------- |
| stars | 1.000000  | 0.126130 | -0.002801 | -0.016717 |
| dit   | 0.126130  | 1.000000 | 0.219623  | 0.106683  |
| cbo   | -0.002801 | 0.219623 | 1.000000  | 0.274818  |
| lcom  | -0.016717 | 0.106683 | 0.274818  | 1.000000  |


### Correlação idade:

|      | age      | dit      | cbo      | lcom     |
| ---- | -------- | -------- | -------- | -------- |
| age  | 1.000000 | 0.276884 | 0.070689 | 0.092109 |
| dit  | 0.276884 | 1.000000 | 0.219623 | 0.106683 |
| cbo  | 0.070689 | 0.219623 | 1.000000 | 0.274818 |
| lcom | 0.092109 | 0.106683 | 0.274818 | 1.000000 |

### Correlação atividade:

|          | releases | dit      | cbo      | lcom     |
| -------- | -------- | -------- | -------- | -------- |
| releases | 1.000000 | 0.363293 | 0.230895 | 0.051887 |
| dit      | 0.363293 | 1.000000 | 0.219623 | 0.106683 |
| cbo      | 0.230895 | 0.219623 | 1.000000 | 0.274818 |
| lcom     | 0.051887 | 0.106683 | 0.274818 | 1.000000 |

### Correlação tamanho:

|      | loc      | dit      | cbo      | lcom     |
| ---- | -------- | -------- | -------- | -------- |
| loc  | 1.000000 | 0.799229 | 0.241092 | 0.122350 |
| dit  | 0.799229 | 1.000000 | 0.219623 | 0.106683 |
| cbo  | 0.241092 | 0.219623 | 1.000000 | 0.274818 |
| lcom | 0.122350 | 0.106683 | 0.274818 | 1.000000 |
